1.345261018606091867e-03
2.809525852807131518e-01
3.191758482044664696e-02
2.334369858953820598e-02
7.163057820946817922e-03
1.008327040021784332e-01
2.218959904519086229e-02
1.790954556504358204e-03
2.410848377803983741e-02
5.553494668204148749e-02
1.070115241975563023e-03
1.035103648725128195e-01
1.586099342664385251e-02
8.475854782878542923e-03
3.900595463550929494e-04
5.536190810645944538e-01
2.309648971230015002e-01
1.434390480918481647e-04
3.232767431413111070e-02
2.743299401438951957e-02
4.316281919368766123e-02
7.125340333806986148e-04
4.442498786903539311e-03
1.166470527369559487e-02
1.968294486068184190e-01
2.117654527942103571e-01
3.084605086318488176e-01
4.996352672026265762e-01
8.838479857912938387e-02
1.806159738101932935e-02
5.817443891608581330e-02
9.322244481141703787e-01
9.088465402390839554e-01
1.184552661931460166e-01
2.211412083149051633e-02
1.863738778993907124e-03
9.106357404182637699e-03
5.948833111052907047e-03
7.974686856481897484e-03
1.828373357752410278e-01
2.899327587866289482e-02
1.527045938783266497e-03
8.218927310945678411e-02
5.864564338809961225e-02
3.938580547509999696e-03
2.705464203533891610e-01
1.777602042774642788e-01
1.380299997171549956e-02
2.354079522815676789e-04
1.829586177426335836e-02
9.849039847561157357e-01
9.892535599316478745e-01
9.967745810240553617e-01
5.915429727123048265e-01
7.369979919947988733e-01
4.911358668634474567e-01
6.550490414512170900e-02
5.648508785963780587e-01
9.937047096725366568e-01
9.990880164674728059e-01
7.680310066132616242e-01
9.985995496920915260e-01
9.458781673637179921e-01
8.735717244294599615e-01
2.200671162999896513e-01
9.946606101594505089e-01
9.215890447583153788e-01
9.977110308239248715e-01
9.945679489669071449e-01
4.131849858129548747e-01
9.898966098267091285e-01
9.967219161214702083e-01
9.998249371625789195e-01
9.881765113239273646e-01
7.612642316321759361e-01
7.598659282980514407e-01
9.959116403489887137e-01
9.904456888639011636e-01
9.608702972441257595e-01
9.297029113399567501e-01
2.295480358749370509e-01
9.664733397141838100e-01
6.908506232179344453e-01
8.981950981439300596e-01
9.992210500280838126e-01
9.942491947615279546e-01
9.442409806595576383e-01
9.945723991740106351e-01
9.905588901508275423e-01
7.281471308049178859e-01
9.398187477668865641e-01
9.429751568374846737e-01
4.354567969794370108e-01
9.994614705987161507e-01
9.435173125299958219e-01
8.902726175446861179e-01
9.869587545513986981e-01
9.954498464177435890e-01
9.996325110530533964e-01
9.369800885471967211e-01
