3.847023724564387070e-02
4.586181428539324867e-01
6.485165598729071279e-01
1.269728480925578773e-01
1.515582113951011167e-02
3.052272107209429673e-03
4.909347258828756610e-15
5.881722691107268419e-01
1.437158667045876637e-01
2.221437300205051941e-03
4.825235030460962513e-03
1.530221444505148742e-01
4.410434356261859609e-04
2.507951578743050081e-01
6.871210149707061423e-06
5.985652172788835657e-02
1.561910766185518329e-01
6.519506697087374958e-01
2.461539570642031216e-01
3.054997756098277312e-02
1.039273186291703871e-02
4.176900749592748346e-02
6.210880032495420533e-01
5.630850877019305534e-01
9.785563364493968241e-02
1.862427798954121583e-01
9.089878452428481418e-04
2.953370124563872018e-02
2.773450770660610201e-02
1.667504026130299521e-01
2.350720229298223010e-02
2.060245444910431822e-01
5.140496735528660155e-02
1.509710413653072569e-01
7.692797356350297711e-02
3.506078998286225601e-01
5.036792528327271173e-02
9.633268147294777872e-01
3.854230655163822794e-01
9.807505629589866047e-02
1.784282111595645592e-01
9.371051879102089144e-01
2.315012776054708454e-01
1.135661930608819897e-01
1.191976861887957985e-06
5.941055646764373255e-02
4.426530144107573839e-01
7.138186779963784367e-02
6.138028084876640672e-02
6.344876439933644363e-01
8.145975723731969653e-01
5.227970612519974303e-01
6.070236453599950899e-01
9.139567220113283819e-01
7.768343758969713519e-01
9.938622845733319222e-01
5.969980577429060409e-01
5.604222511841701060e-01
8.856354197998240751e-01
9.127348867817559608e-01
9.616746502781319261e-01
8.744716876055923516e-01
3.452494415354937507e-01
9.902068678996918116e-01
9.349750830406556856e-01
9.729050662057876497e-01
9.460575050311049727e-01
7.606314139881422687e-01
8.000558167860761793e-01
9.410787813010054181e-01
9.953075884702344833e-01
6.920281683081493940e-01
9.081418265093977871e-01
8.714818190728803593e-01
9.475942470223720493e-01
9.375424731197018469e-01
9.908185412779373369e-01
9.263747636071618663e-01
9.895570191815981076e-01
6.040183144683951566e-01
3.051399884504750193e-01
9.946710424822889918e-01
9.009613362722936891e-01
9.867441368237227506e-01
9.012301276875328560e-01
9.656321404095669081e-01
9.693302021129864832e-01
9.135680378546335856e-01
9.356113024874181949e-01
8.652346337417975430e-01
5.955460078088165021e-01
8.233140875810902592e-01
7.916148187307071593e-01
8.243916471427364945e-01
9.214254091554991977e-01
9.422209250135744618e-01
9.649026350028634402e-01
9.255632972428587957e-01
9.461846561210365270e-01
8.293872866124610832e-01
