6.162391548903047023e-02
6.048796810421948056e-01
6.053557841229264547e-01
1.150513690437627579e-01
9.795695982369648225e-02
1.905903343325620128e-02
3.871935330042366796e-08
5.272944974434791154e-01
1.071641904732890671e-01
2.238367552464359117e-02
1.133818401659236197e-01
1.322096958539939193e-01
6.894627907741223728e-03
2.979540998265428065e-01
3.119748105052669133e-03
6.957643340269351051e-02
2.480807931599826877e-01
6.690340108127061924e-01
6.571842329756434342e-01
8.227551692333977262e-02
5.158042529944280308e-02
4.680143614011684355e-02
5.689821863695575521e-01
6.439194139567880892e-01
1.346114521751582693e-01
3.293513310152706985e-01
1.553648531541603102e-02
3.272176637052415932e-02
2.963069974300959822e-02
1.972130872159477410e-01
3.299479026391358150e-02
1.847281451100407368e-01
5.104753564547605954e-02
2.516936724491150024e-01
4.053097681124300800e-01
5.007484866558079561e-01
6.880660175541659929e-02
9.451180029015406880e-01
3.169660334385230871e-01
8.599453265069349761e-02
2.846877471988986663e-01
9.152471216280434474e-01
1.977353923890411702e-01
1.343264358888899834e-01
7.939159092392236976e-04
5.778242549591103977e-02
4.240560689444521358e-01
9.402456921319810035e-02
7.690604985149411543e-02
6.168790916165555194e-01
8.909570174091596684e-01
3.956286568812479865e-01
7.609474808329923512e-01
8.343763411288303011e-01
7.273790799991564082e-01
9.860844854720663966e-01
5.385272598199717375e-01
4.893947412286394627e-01
8.166151050477176154e-01
8.877056439274945143e-01
9.317912528482409362e-01
8.255501356163157389e-01
2.597038690571763508e-01
9.790245634104655093e-01
9.156122032100035835e-01
9.419300737527572798e-01
9.101277070210089803e-01
8.270696437726563488e-01
6.881942526489731593e-01
9.182383228946939813e-01
9.910488696733734670e-01
5.662167894596248363e-01
8.443637702663916444e-01
7.792128150709320966e-01
9.102252996054611689e-01
9.319032736499708314e-01
9.769546346480697530e-01
8.586693531147118197e-01
9.830833045893431210e-01
4.748240518419740153e-01
2.275697924237359004e-01
9.950244500848012263e-01
8.824186277671466350e-01
9.752987402038503228e-01
8.257180666971678518e-01
9.407480118178408457e-01
9.419868846814299923e-01
8.530695142675532860e-01
8.902760775467888354e-01
9.307810731353823863e-01
4.645490332292924185e-01
7.525980650207823031e-01
7.167322393843706951e-01
7.660901080304071131e-01
8.790764865208456902e-01
8.859814324756650761e-01
9.226029691285440038e-01
8.745839080203958726e-01
9.501455362742675659e-01
7.261190624832046803e-01
