1.122395837187698713e-03
2.850577594309003926e-01
2.987461295368969150e-02
2.159374732841114891e-02
6.421953385316665937e-03
9.966059062526780310e-02
2.054818065223726342e-02
1.497259888685431150e-03
2.237078231070037393e-02
5.316242409695819821e-02
8.852684706678339531e-04
1.013567703555259270e-01
1.459330243643709203e-02
7.544412384790228666e-03
3.139241713751769465e-04
5.680007358738597967e-01
2.333994686451631995e-01
1.103694003856580996e-04
3.034960893413136268e-02
2.548345921541311093e-02
4.088918650298085933e-02
5.813985227739541231e-04
3.865195399149312649e-03
1.048479805851026438e-02
1.976863673340241434e-01
2.132238519326376813e-01
3.146446900545664671e-01
5.129215327399575530e-01
8.597635497060970855e-02
1.654448278557451787e-02
5.594023841986408424e-02
9.413127279612254483e-01
9.193952428936933430e-01
1.167248893571838225e-01
2.038536308545657941e-02
1.575773976640595367e-03
8.163686839669172593e-03
5.245275609362576655e-03
7.084969364615750775e-03
1.820934384754126223e-01
2.709171887940774529e-02
1.276111044031993458e-03
7.988861273839227561e-02
5.635238767058364795e-02
3.408698669846976434e-03
2.745658850368299930e-01
1.779691999251457046e-01
1.247819082704260292e-02
1.843393744236722408e-04
1.678259833198053955e-02
9.877135412247258772e-01
9.913311828780978496e-01
9.975135566510845431e-01
6.084478357028181295e-01
7.541124016170260846e-01
5.050427575265401536e-01
6.330049340364993227e-02
5.804186747258912593e-01
9.950174538945796288e-01
9.993315840400084360e-01
7.855252878720661025e-01
9.989482494782000455e-01
9.537145822645877180e-01
8.865974343359247500e-01
2.213223484726410950e-01
9.958350552474262152e-01
9.316679566211532038e-01
9.982581982607166005e-01
9.957418939289096604e-01
4.226928324658040803e-01
9.918581203962861803e-01
9.974623963677079486e-01
9.998778969987949239e-01
9.905053393324253497e-01
7.774390087503367797e-01
7.773152632172564136e-01
9.968230031508257261e-01
9.923259478330079819e-01
9.664855177504607653e-01
9.387761611328582223e-01
2.316885721619608984e-01
9.717913036676176786e-01
7.090723553925487588e-01
9.102080270923383898e-01
9.994294885187823274e-01
9.954922326694711776e-01
9.524477917297868856e-01
9.957167445938246431e-01
9.924785256771954112e-01
7.462348616447004312e-01
9.479347835961968727e-01
9.506539715016988357e-01
4.462658874373667817e-01
9.996114207519498640e-01
9.509935402749080113e-01
9.027772594088224745e-01
9.894315844910475111e-01
9.964425757169610431e-01
9.997382747024780025e-01
9.457444829601262537e-01
