1.281251906879362912e-01
1.726280947900320532e-04
2.606736277822848454e-05
6.696183019783528035e-05
2.102302420074236475e-04
2.092888623656045857e-03
5.703570786236298110e-04
5.607811587520190262e-08
5.839417360394846086e-04
4.059833714261353476e-06
1.085993324249647879e-04
2.949780126228672091e-04
1.862019520877377385e-03
3.459228850121202556e-04
4.731772197898788355e-06
8.443283071570929776e-02
2.056114588161684354e-05
1.436798066005729421e-05
2.056242969699102491e-03
1.486156380332207605e-06
6.688798093686809238e-07
8.804507357693422236e-04
4.801571123227051097e-04
1.146813405322035309e-02
1.369792936213995987e-07
4.242106319055419970e-08
2.321340197411242597e-05
1.685932576161117136e-02
1.583168680070398682e-05
9.293945121896100003e-01
4.146542234500560052e-03
2.766349754917780135e-05
8.665205725381346063e-07
1.299005412754960969e-05
5.470809493529726723e-03
1.126328030783599419e-03
3.172328347379963637e-02
4.271652182593269065e-01
4.486191176569631199e-05
1.106512351103078075e-05
1.031036516446160291e-03
2.448313622931044803e-05
1.994413615363462963e-06
3.157749733132255050e-03
5.533192506575831829e-05
3.753243705446518766e-03
2.468412956583410819e-06
2.752346920914003975e-08
1.703736391945185258e-04
9.586992886019112259e-01
1.276076600121270072e-03
2.766457628210262920e-02
8.692100310257561363e-06
1.430845624289290002e-03
1.460547220459132260e-02
6.612631934700312039e-07
5.372313286692928383e-04
7.193710322697681372e-04
1.163975216712092534e-03
1.116351989758345315e-04
3.354781025382529017e-04
2.548862738486666423e-05
7.520471297701556423e-01
9.974952179694982490e-01
9.707078106578709287e-01
8.011184263435808806e-01
7.794146783880860907e-01
9.928068652192004739e-01
9.444963839284904461e-01
9.995912465006655534e-01
9.999631897050801355e-01
9.987757341286130908e-01
9.971670611073066848e-01
9.813085763320267274e-01
9.957093519623992917e-01
7.462509046262794099e-01
9.829993938359516958e-01
9.795258644064005482e-01
9.985516805195399082e-01
5.074758521646545173e-01
9.927710455818585800e-01
9.999650660613490505e-01
9.986710626295229876e-01
9.926976646662046821e-01
9.611373148483741691e-01
6.592806569146328899e-01
9.889545459814721440e-01
9.964442533002484392e-01
9.998440653617477469e-01
9.838096554951337724e-01
8.025539466654811882e-01
9.928234708849454915e-01
9.573745381432630097e-01
9.957447016600062817e-01
9.521114253350341228e-01
9.998327333670843364e-01
9.986982121108842758e-01
9.244097353228656333e-01
9.997098208684113141e-01
9.994203349063750519e-01
9.998633803097415340e-01
9.852382726030877169e-01
9.798792307939800938e-01
9.993518443824728203e-01
6.810846225063281745e-01
9.873447885583715999e-01
9.744878565070166365e-01
9.985506373589174700e-01
9.292691306120168804e-01
9.193138542792392842e-01
9.994133555738909935e-01
8.710769672651622608e-01
9.923617924755320230e-01
9.112955121152945814e-01
5.307463344956080409e-01
9.942904914237448155e-01
9.992069690904469281e-01
9.047915993917677868e-01
9.992971372403428587e-01
9.876685087694868637e-01
9.661677673583601855e-01
9.902797281192179391e-01
9.085827643135714338e-01
9.990394451968191980e-01
