3.385696443090105978e-01
4.404783208492673435e-02
4.040890408968392938e-02
6.938101220621764598e-02
6.963215565500330273e-02
1.556254781114211061e-01
8.088014882537962469e-02
4.245859116999460732e-03
1.328307238667481849e-01
2.541355798125947626e-02
5.176085100640539366e-02
5.526272436830020895e-02
6.855958558972291561e-02
7.180016165448821486e-02
2.175436110496419689e-02
4.946747792647893105e-01
1.866259543032988341e-02
4.141194467861360889e-02
1.055460393369706679e-01
1.340992133779089768e-02
1.438954186217725022e-02
1.457645207380894592e-01
8.115744575477869260e-02
1.070943395183264618e-01
7.051019239198947491e-03
8.970619614142019346e-03
3.295701510093526632e-02
2.576240607636927638e-01
1.814921006519087249e-02
5.906281370397584718e-01
8.790904326833273719e-02
1.726906859059434279e-02
7.215140057243955331e-03
2.117441981304626214e-02
2.172800685010757848e-01
7.189445501376690029e-02
2.115977199864426672e-01
2.813455742376930746e-01
2.501097040246160266e-02
2.645471431750153965e-02
7.179319580980492166e-02
2.934936980887585534e-02
1.147125293755730385e-02
1.099341547427929999e-01
6.992846479920702962e-02
1.122534665354476963e-01
1.795745804141716737e-02
6.099312416234787919e-03
4.914297811158130358e-02
1.179240974155773669e+00
6.281554456560979605e-02
1.241324764769346778e-01
2.923194988325167679e-02
1.267208109001337069e-01
6.889142145729180988e-02
8.071498465432737357e-03
7.480014020522704477e-02
5.605691680421193146e-02
1.044703603389739999e-01
5.894919591804928527e-02
2.961118684574742116e-02
2.162045993151540807e-02
6.410406266897890060e-01
1.291739737459493664e+00
7.629761551648621687e-01
6.214174836012820169e-01
5.882257278046263416e-01
7.497732010804407654e-01
7.145637897881937928e-01
1.486065240800244602e+00
2.241920240078896676e+00
1.199006576719326755e+00
1.161399174740480378e+00
9.033794972952337021e-01
1.239735234234977224e+00
5.786065143051756232e-01
8.912744590697518898e-01
7.337251019444849254e-01
9.667144155158092778e-01
3.955787814144759440e-01
9.072660801254981422e-01
2.291089819199161770e+00
1.214015285062242544e+00
1.005518294732450801e+00
6.076581902271924740e-01
5.463246169489510695e-01
6.784996661692933584e-01
1.079862403979803043e+00
1.617486525240289907e+00
9.673284793033201101e-01
6.307163622028367778e-01
9.262548748860141012e-01
7.296848536990443446e-01
9.955284824690648904e-01
7.980329913246448914e-01
1.402446162909862126e+00
1.160080402928826748e+00
6.167062849178754913e-01
1.104304512139694827e+00
1.347519835294842760e+00
1.716210363536950334e+00
9.319220829350425284e-01
8.379747556288258403e-01
1.328177276209993041e+00
4.335882015501760778e-01
8.454694998204064227e-01
8.953022689582073035e-01
1.181786501676319601e+00
7.044995540249924248e-01
5.367277916288930584e-01
1.308031755660827411e+00
4.923500686737082299e-01
1.101990633639251094e+00
5.594073994231435476e-01
4.371567057150743674e-01
1.249394913063215595e+00
1.557403084780223823e+00
7.112068589102609195e-01
1.252071637622957034e+00
9.143572903313803568e-01
8.078671707430605808e-01
8.111506839080160347e-01
6.599465546370445468e-01
1.083073589307669282e+00
