1.200603261361750029e+07
2.830228981348679401e+06
2.053180538338622078e+07
1.606281132586825173e+06
4.784800778623729129e+05
5.704114791602348909e+06
6.887613719635503367e+05
4.822366683771229582e+05
1.907736513576271711e+06
1.133016648507650680e+05
4.191634493399877567e+06
4.964139223786279908e+05
4.189984463248065673e+06
1.847680508647472598e+06
1.463278640467601363e+05
1.168013039904535515e+06
1.589788820882275468e+06
3.150362148911566008e+06
4.077933871813167934e+05
1.230830601545847021e+05
2.118004649516379461e+06
1.181692231105650571e+05
1.183509262482297607e+06
4.787765016780149192e+06
5.787013186716041528e+05
9.576788265525054187e+06
4.095268575459069107e+05
1.099194523595695850e+06
1.744272535511754686e+06
1.470464837868012488e+06
4.949936870656572282e+05
3.469077772764516529e+06
5.676003625943923369e+06
2.496819078253408521e+07
4.650347772486344329e+05
1.463091826909318753e+07
7.774035204657365102e+05
1.288689033480091952e+06
4.541910140167078353e+05
1.017576241336133331e+07
2.684796827219235711e+06
7.236352225858839229e+06
4.599918821968526463e+05
2.036562061237341550e+05
3.453097120492625982e+06
1.084943195477952622e+07
6.563809926310401410e+06
3.444229684963430045e+05
9.950822433895209106e+05
1.477639273966795532e+06
1.527781944650503807e+06
2.278609883669865376e+05
4.057030433065829799e+06
2.184637893549947476e+05
2.127567457993717398e+06
3.523139669211413129e+05
5.846923936075613834e+06
4.574631190383571200e+06
2.959911021032720804e+06
6.964687488881238969e+05
1.098510844387675636e+07
4.080074009496419225e+06
3.985635464364748448e+06
3.187488946669567376e+05
3.456777283748370246e+05
2.808086748807245400e+06
3.828482533364858828e+05
1.382935181894759648e+07
6.569106635080003180e+05
9.051066237154135015e+05
2.674886301284433575e+05
2.524806903475376021e+05
3.448012689640336903e+05
1.606801607453286881e+06
7.996329372555589071e+05
1.960222855509626912e+06
8.543074871992054395e+05
1.070503395214299299e+07
1.947560477340196725e+06
3.753913168616881594e+06
2.219658274434768595e+06
7.460093031764072366e+06
4.392447158525543287e+06
8.100077277710287832e+06
3.009786793445962947e+06
3.100545560231531854e+05
4.323595564774839440e+05
9.319139142713962356e+05
4.433302669591705780e+05
1.482409874372373335e+06
8.787560753913471708e+05
2.237299428146620747e+06
2.913459897671938408e+06
2.157074893220559461e+05
2.968358711265935563e+05
1.969343185759704211e+05
4.728022152489989996e+06
1.979528265306592220e+06
1.152484410475001670e+06
5.433125646168296225e+05
1.659533527703382308e+06
3.154655499210851267e+05
3.470943157122198027e+05
5.755949075937791727e+06
6.790460957054425962e+06
1.080117222681019455e+06
2.614913639628634788e+06
2.730197560641806107e+06
2.600740954321981408e+05
6.457102841370680835e+05
6.699010920984365046e+06
3.388023845936821308e+05
8.309600049786118791e+06
3.907537212225142866e+06
1.555586486659985967e+06
7.605209494640715420e+05
5.323270581432685722e+05
2.419608211360948160e+06
3.747443144118460827e+06
1.438771678554967511e+06
8.533802302720436826e+06
1.467915602149420884e+06
3.825062586469154339e+06
1.699328625488785328e+05
7.236187036775011802e+05
3.115551531141194981e+06
2.616263227813391422e+05
7.606211084639227018e+06
1.573694090062989620e+06
1.604045860712796450e+06
7.578620761180643458e+05
9.451116004375798628e+06
1.160359346232066862e+07
1.816297180123364087e+05
1.529673051854769292e+05
7.230066412841717247e+05
1.108045684165339172e+07
1.405308690943696420e+05
2.083695056635109650e+05
4.755674438495266950e+05
4.300339927623642609e+06
2.673660254126485903e+06
2.652242087795806001e+05
3.633358089514692547e+05
5.173463628553502262e+06
1.336808719276243064e+05
2.412164816544340865e+05
3.474097410984472372e+06
1.904743879152530571e+05
1.562798162218787475e+05
3.701081788375924225e+05
1.342418180063023465e+05
2.399935202867267944e+05
1.259627031213582028e+06
8.208417342888217419e+06
7.416173757781449240e+05
9.062320827303014696e+06
5.473015081377549097e+06
3.092315124492938630e+06
1.036010388224932179e+07
1.974284548941013170e+06
1.461140778474396840e+07
5.368975460887337103e+06
5.572820846876456635e+05
1.031230243648626027e+06
1.835787383198209479e+07
6.594503528859290236e+04
2.302973109667853918e+06
1.118661435902605299e+06
4.044838038219840731e+06
1.156967374801058555e+06
1.377146630023635924e+06
3.981945260281158146e+06
1.278249002325840760e+06
5.428495140409789048e+06
5.490279362891342491e+06
1.506890858365986310e+07
4.157963860405229498e+05
5.509348737759081414e+05
2.270181493186536711e+06
2.108565204051539768e+06
1.901676794660391170e+05
3.336904415019913577e+06
1.027437881711005350e+06
8.822420198128819466e+06
3.703027426570701064e+05
3.314089969600103796e+07
5.370813016337185400e+05
2.770157189904667810e+07
1.133080379118509823e+06
2.084344747788004111e+06
3.286567174122625962e+06
3.827807063715107506e+05
1.150522804220764432e+06
6.970622001324566081e+05
5.105607661437583156e+05
9.407674882716290653e+06
3.054385930297180894e+05
4.349907137773795053e+06
3.138385119792805053e+05
6.131952486745739589e+05
2.071558767701586708e+07
4.361900870117058046e+06
7.364979042525458499e+04
1.566992590892279893e+07
4.427331711414447636e+05
1.968890239394290745e+07
5.696800897849444300e+06
1.225510312660732539e+06
1.558725824565780163e+07
1.820605154963399284e+06
1.797278430314853322e+06
1.043826405879257363e+06
4.720652803333953489e+05
1.786855617634186056e+05
8.151924769823830575e+05
1.519390521089516394e+07
3.139614180928026326e+06
1.958049388837782026e+05
1.226294758637932129e+06
8.752248211928853765e+06
8.847850536812517792e+06
5.681933879059856990e+05
3.346875627760522184e+05
9.110221480009334162e+06
1.805345476088938594e+05
4.498200099320162088e+06
2.719432327442318201e+05
2.253126049762559123e+06
1.806330643767670728e+06
1.116045897243632062e+05
1.322157891665984353e+05
2.599782989174459130e+06
6.821224769244253635e+06
5.021664201071084477e+06
1.636338429710441828e+07
3.602899214752966654e+05
1.367800059497198788e+06
2.578814973326569307e+05
5.622937513608197914e+05
3.172185543227763847e+05
9.581498705631376943e+05
2.181039480945385061e+06
6.546644972040301654e+05
1.331356842072744854e+07
5.726141766501933336e+06
1.160307226103582978e+07
1.425518826702444057e+05
4.013710172590905568e+05
3.277532494656032417e+06
