1.128717852859644211e-01
-8.786025693915604506e-01
7.544993703395714846e-01
1.593738509299208461e-01
8.569827941437256902e-01
2.765178145561626444e-01
1.616036736974120203e-01
9.298183462773770280e-01
9.919610863891428210e-01
8.816572059572140851e-01
1.029915855922780121e+00
7.787664443968774636e-03
-6.772094280914693343e-01
4.887214401640802564e-01
-1.136473494723162503e-01
6.463822480689476180e-01
4.656894174173606959e-01
7.497799912091736019e-01
-6.528419016388493645e-01
-5.690773717801036469e-01
-2.316783387512284520e-01
-5.682710834073816386e-01
1.281419119114666216e-01
-8.325204969741513139e-01
-9.135833241343549460e-01
-9.108193393904571167e-01
-5.506163770330587681e-01
-5.867420294393888014e-01
-6.133110326861661576e-01
6.808697294488261775e-01
5.097513798250694617e-01
1.059286849160288924e+00
2.015630330421913641e-01
-9.476261440537214753e-02
3.748339122996746653e-01
9.206562367530848334e-01
1.002103904842108761e-01
7.495659541188763875e-01
-4.777620609781543237e-01
6.824872628438521938e-01
-5.201614280879773844e-01
-1.569012063319910055e-01
-2.180318199403936674e-01
-6.130301148409147416e-01
3.688637356454798066e-01
9.357476583853086005e-01
7.394897841500220892e-01
4.497553344918195917e-01
9.203059789570741112e-01
-7.320623763854285926e-01
8.690436292141647812e-01
6.779930309229819096e-01
-9.198633193483818360e-02
-8.598227030310278546e-03
3.110366279470136996e-01
2.677211110196411337e-01
4.473783888281961940e-01
-9.942566653100548546e-01
-5.183727207619703847e-01
1.024491887518094391e+00
1.037869635027060422e+00
-5.483813149413543364e-01
-8.969824662547614125e-01
-2.627921009915805683e-01
8.821609539009216405e-01
5.522054299021750268e-01
8.973083096956480098e-01
-5.584730907404487077e-01
5.350337836173242323e-01
6.607217891339560722e-01
-6.650366892131884811e-01
1.244561016157826328e-01
-8.909614677900634661e-01
9.358778323931180587e-01
7.063108031393099395e-01
5.430135285479147367e-01
2.853690108859741059e-01
-9.478587568487908399e-01
2.328278737470782511e-01
1.147216372604263346e-01
2.116375172029508756e-01
-7.167712665332821587e-01
-9.249301804988316889e-01
5.488539993010874696e-01
-1.932463936694261974e-01
-8.458850707339574670e-01
-2.586093840233232299e-01
7.563953826431273342e-01
9.123295701672491376e-01
-4.993063452191996987e-01
-7.953794783165726301e-01
-3.766062530224090210e-01
8.695184130839832548e-01
3.552748692153853693e-02
1.057574759859999602e+00
2.248451836602569642e-01
-8.763423434980044391e-02
-8.751001842058183655e-01
-9.845812143742586064e-01
6.841048570787440219e-01
-7.645767596787269582e-01
6.308163394192198292e-02
9.130504691921617066e-01
3.061040103096447362e-01
8.013395958833409161e-01
-9.791399262460767083e-01
-5.515919499010997207e-01
-2.704720596429055490e-01
7.546908664752933760e-01
-8.092745005800079383e-01
4.448485282658865003e-02
-8.880827438924008277e-01
4.949296084623622249e-01
6.769527155860408651e-01
-9.128144064471541697e-01
-8.964110229681452324e-01
4.041026092463710917e-01
1.149506285226067348e-01
4.039584051497513428e-03
5.127154094057644329e-01
-4.341715981878078168e-01
1.862092281686803519e-01
2.041879073353314311e-02
-3.285379467954854249e-01
3.055276777711970482e-01
-2.559600306315488183e-01
-4.197806381656601360e-01
5.987961187830153076e-01
-7.943543381175768303e-01
1.053776934988716940e+00
1.783133761898203495e-01
1.554559378537062608e-01
-3.283140269357076590e-01
2.052158582297884948e-01
4.491976060380536984e-02
1.462033375015396319e-01
-9.356877161636498741e-01
-8.247470137364754095e-01
9.102449628602844456e-01
1.026582861134009317e+00
-5.973163230584006556e-01
-9.747447408747786923e-01
7.157163812116702495e-01
8.576152467848272565e-01
-5.514188389489689257e-01
-7.207485272460125714e-01
2.680612294083690728e-01
-7.093745091027745531e-01
-7.591938601529584218e-01
4.082553006712288379e-01
-9.853975605032760932e-01
-7.739555654324128398e-01
4.831726780360954265e-01
5.290849021149757192e-01
9.313304355784715050e-01
-7.190956476993726199e-01
-6.269654025647959372e-01
4.851354575894223364e-01
4.659932890636753200e-01
2.730176336564954509e-01
9.538825963610975123e-02
-2.394386548587164043e-01
9.797815045344573370e-01
6.645270457861671143e-02
6.153249177631288092e-01
-9.317982510068318902e-01
-6.948467575888592762e-01
-3.008789422380857559e-01
9.425318768935272429e-01
-6.724345646839342550e-01
1.627475589280535928e-01
8.861893381958059202e-01
5.126162222083543440e-01
4.574917787588113072e-01
7.819842776826111397e-01
-7.106431986748233953e-01
-1.916562874380813852e-01
7.534745872532716549e-01
-1.344748840049811989e-01
-6.708886636251341073e-01
4.450276657862634044e-02
3.300845806269094851e-01
-6.354322552490661025e-01
7.562689265095536850e-01
2.546356265890885595e-01
-8.420310856712402980e-01
-9.555837796290962416e-01
4.196287920482184575e-01
-6.365406748773381196e-01
2.939017104531850277e-01
7.735346267757776673e-01
-9.718890132743585042e-01
3.302352775891392866e-02
8.225236740312134032e-01
6.862268197774767930e-01
3.015216248422392109e-01
1.364432649846196721e-01
-5.928198080723765528e-01
3.132801851376640911e-01
1.038496552847797183e+00
